# mass (Mjup), semi-major axis (au), discovery year
1.9400e+01 1.2900e+00 2.0080e+03
1.1200e+01 1.5400e+00 2.0090e+03
4.8000e+00 8.3000e-01 2.0080e+03
4.9750e+00 2.8640e+00 2.0020e+03
7.6790e+00 9.0370e+00 2.0060e+03
1.7700e+00 1.7200e+00 1.9960e+03
1.0300e+01 2.6000e+00 2.0080e+03
9.1000e-01 1.9000e-01 2.0180e+03
1.9900e+00 1.3330e+00 2.0100e+03
8.6000e-01 2.0800e+00 2.0100e+03
3.0000e+01 2.8970e+00 2.0100e+03
1.9000e+00 9.2000e-01 2.0150e+03
2.0000e+01 3.5300e+00 2.0100e+03
3.0000e+01 4.4800e+00 2.0100e+03
1.3000e+01 8.4000e+01 2.0130e+03
1.2500e+01 2.3000e+02 2.0160e+03
6.6000e+00 1.0100e+00 2.0090e+03
4.5100e+00 1.8200e+00 2.0160e+03
3.8800e+00 1.1900e+00 2.0090e+03
2.5300e+00 2.1000e+00 1.9960e+03
5.4000e-01 3.6000e+00 2.0010e+03
1.6400e+00 1.1600e+01 2.0100e+03
7.1000e+00 8.7000e-01 2.0070e+03
2.0000e+00 1.4000e+01 2.0150e+03
4.6000e-01 5.2000e-02 1.9950e+03
8.0360e-01 1.1340e-01 1.9960e+03
1.6110e-01 2.3730e-01 2.0020e+03
3.1200e+00 5.9570e+00 2.0020e+03
2.5100e-02 1.5440e-02 2.0040e+03
1.5030e-01 7.7080e-01 2.0070e+03
1.6000e-02 5.0201e-02 2.0090e+03
5.7300e-02 2.1750e-01 2.0090e+03
7.2100e-02 4.7600e-01 2.0090e+03
2.2100e+00 2.1800e+00 2.0080e+03
7.4000e+00 4.8100e-01 1.9960e+03
3.0000e+00 2.1000e+00 2.0120e+03
1.8500e+00 1.7580e+00 2.0110e+03
8.7000e-01 2.1530e+00 2.0190e+03
5.3000e+00 2.5000e+00 2.0080e+03
7.9000e-02 1.2300e-01 2.0040e+03
3.6000e-01 5.4000e+00 2.0100e+03
1.5000e+00 4.9000e-01 2.0150e+03
3.2000e+00 7.0000e-01 2.0030e+03
1.8000e+00 1.2000e+00 2.0110e+03
6.4700e+00 1.4600e+00 2.0150e+03
3.6910e-03 4.8570e-02 2.0160e+03
3.5600e-03 4.0000e-02 2.0120e+03
1.8000e-01 6.6000e-02 2.0200e+03
6.4000e+00 1.3000e+00 2.0170e+03
4.5000e-02 5.6000e-02 2.0090e+03
3.3000e-01 6.8000e-01 2.0090e+03
4.0800e-01 4.2700e-02 2.0000e+03
6.5000e-01 2.3600e+00 2.0140e+03
4.8360e-02 3.0000e-01 2.0200e+03
1.4700e+00 7.7700e-01 2.0090e+03
1.0610e+00 5.7600e-01 2.0160e+03
1.1100e+00 5.3900e-01 2.0130e+03
5.1000e+00 1.3400e+00 2.0080e+03
6.3700e+00 6.6000e-02 2.0150e+03
2.1420e+01 1.4500e+00 2.0090e+03
1.2470e+01 2.0100e+00 2.0090e+03
4.2000e+00 1.3000e+00 2.0120e+03
5.1290e-02 2.4100e-01 2.0160e+03
2.6000e+01 1.1900e+00 2.0160e+03
9.1000e-01 1.0000e+00 2.0110e+03
1.7000e+00 1.7000e+00 2.0180e+03
1.6000e+00 4.2000e+00 2.0150e+03
7.8000e+00 1.7000e+00 2.0140e+03
9.0000e+00 2.7000e+00 2.0190e+03
6.1000e+00 1.4000e+00 2.0140e+03
6.5000e+00 2.6000e+00 2.0110e+03
2.7500e+00 1.0550e-01 2.0100e+03
2.4900e+00 4.3510e-02 2.0100e+03
9.1700e-01 4.0160e-02 2.0100e+03
1.3080e+00 5.1000e-02 2.0100e+03
7.6000e+00 2.7000e-02 2.0100e+03
5.3000e-01 6.1800e-02 2.0100e+03
2.4500e+00 4.6100e-02 2.0100e+03
3.4700e+00 2.9500e-02 2.0110e+03
1.1100e+00 5.1800e-02 2.0110e+03
1.0300e+00 2.5400e-02 2.0070e+03
4.3000e+00 9.0000e-02 2.0110e+03
1.7000e+01 2.9000e+00 2.0180e+03
2.2600e+00 4.1700e-02 2.0110e+03
3.8385e-02 9.2000e-02 2.0140e+03
2.8000e+00 4.7700e-02 2.0110e+03
nan 5.6000e-02 2.0140e+03
8.8000e-02 9.8000e-02 2.0140e+03
2.7000e-01 5.7800e-02 2.0130e+03
5.2000e-01 5.2600e-02 2.0130e+03
1.0390e+01 4.7600e-02 2.0140e+03
4.8400e-01 5.9000e-02 2.0150e+03
8.5000e-01 3.5700e-02 2.0150e+03
3.3100e+00 2.8100e-02 2.0070e+03
2.9000e+00 8.4400e-02 2.0200e+03
8.4000e-01 5.8600e-02 2.0200e+03
2.1660e+01 5.7000e-02 2.0080e+03
7.2000e-01 9.0000e-02 2.0080e+03
4.6700e-01 4.9470e-02 2.0080e+03
2.9600e+00 8.5500e-02 2.0090e+03
1.5100e-02 1.7200e-02 2.0090e+03
2.6400e-02 4.6000e-02 2.0090e+03
2.2000e-01 6.3000e-02 2.0100e+03
8.4000e-01 4.0700e-01 2.0100e+03
1.5000e-01 7.1000e-02 2.0170e+03
1.2000e+01 5.7500e+00 2.0180e+03
7.6360e-02 1.4620e-01 2.0190e+03
3.0200e-02 7.3300e-02 2.0190e+03
1.0540e-02 4.2200e-02 2.0190e+03
1.2990e-02 6.5100e-02 2.0190e+03
4.3700e-01 6.6400e-02 2.0190e+03
8.1200e-03 6.6200e-02 2.0190e+03
6.0500e+00 8.1900e+00 2.0090e+03
5.0000e-02 9.7100e-02 2.0150e+03
1.3800e-01 7.4000e-02 2.0150e+03
nan 8.8000e-03 2.0150e+03
2.5040e-02 1.4300e-01 2.0150e+03
2.3630e-02 6.0000e-02 2.0170e+03
6.6000e-02 1.5420e-01 2.0150e+03
8.5000e-02 2.4710e-01 2.0150e+03
1.7740e+00 2.2000e-02 2.0150e+03
3.7800e-02 5.0600e-02 2.0150e+03
3.1000e-02 9.6400e-02 2.0150e+03
3.6000e+00 4.0900e-02 2.0160e+03
7.3000e-01 4.2170e-02 2.0160e+03
1.0100e-01 9.4300e-02 2.0160e+03
9.7000e-01 1.5900e-01 2.0160e+03
8.4000e-01 4.8000e-02 2.0160e+03
3.8100e-01 1.8110e-01 2.0170e+03
1.2800e+00 5.7500e-02 2.0160e+03
1.0190e+00 5.9100e-02 2.0170e+03
4.9500e-01 9.1600e-02 2.0170e+03
7.0000e-01 5.8000e-03 2.0170e+03
2.6000e-01 1.0160e-01 2.0200e+03
3.0000e+00 7.2290e-02 2.0180e+03
1.3000e+01 4.5000e+00 2.0180e+03
2.7530e-02 4.7000e-02 2.0200e+03
4.6160e-02 1.3000e-01 2.0200e+03
3.2030e-02 2.2000e-01 2.0200e+03
6.7000e+00 1.3000e+00 2.0120e+03
6.4500e-01 3.5100e+00 2.0000e+03
2.7100e+00 1.2820e+01 2.0180e+03
7.6000e+00 1.9300e+00 2.0070e+03
2.4600e+00 1.2700e+00 2.0140e+03
3.1600e+00 1.9300e+00 2.0140e+03
9.4000e+00 1.9400e+00 2.0030e+03
8.7800e+00 1.1900e+00 2.0090e+03
1.0200e+00 1.2400e+00 2.0180e+03
4.5800e+00 2.1700e+00 2.0180e+03
3.3020e-03 2.5200e-02 2.0190e+03
3.4910e-03 4.4300e-02 2.0190e+03
4.3100e-03 2.1000e-02 2.0200e+03
5.4700e-03 3.5000e-02 2.0200e+03
5.1600e-03 5.4000e-02 2.0200e+03
5.2200e-03 1.5300e-02 2.0150e+03
8.3100e-03 4.7600e-02 2.0180e+03
6.5800e-03 9.1600e-03 2.0200e+03
2.3280e-02 2.6000e-02 2.0180e+03
7.1420e-02 1.9150e-01 2.0190e+03
1.1640e-02 6.9500e-02 2.0190e+03
3.2090e-02 5.3000e-02 2.0140e+03
2.0420e-02 9.2000e-02 2.0140e+03
2.0140e-02 1.2900e-01 2.0140e+03
2.3790e-02 3.0900e-01 2.0200e+03
5.0970e-02 2.8300e-01 2.0200e+03
2.6670e-02 8.9800e-01 2.0140e+03
2.2870e-02 3.3900e-01 2.0200e+03
4.0900e-02 1.0100e-01 2.0140e+03
9.0900e-03 9.1101e-02 2.0170e+03
3.7100e-03 3.6467e-02 2.0170e+03
2.5800e-02 7.9000e-02 2.0200e+03
1.3200e-02 5.7000e-02 2.0170e+03
5.6000e-03 1.9700e-02 2.0170e+03
3.3000e-02 6.9800e-01 2.0170e+03
1.7528e+00 1.1510e+00 2.0070e+03
1.6440e+00 5.2300e+00 2.0180e+03
6.3600e-03 3.2820e-02 2.0170e+03
7.2700e-03 1.2640e-01 2.0170e+03
3.2310e-02 1.4100e-01 2.0200e+03
5.8500e-03 1.5890e-02 2.0200e+03
2.3310e-02 8.7600e-02 2.0200e+03
4.6300e-01 3.3800e-01 2.0190e+03
5.7900e-03 3.5000e-02 2.0190e+03
1.0700e-02 6.1000e-02 2.0190e+03
1.9190e-02 2.0400e-01 2.0190e+03
2.5170e-02 2.6000e-02 2.0180e+03
2.2460e-02 6.0800e-02 2.0170e+03
7.7700e-03 2.9000e-02 2.0160e+03
1.9700e-02 8.9000e-02 2.0160e+03
3.4830e-02 1.1100e-01 2.0140e+03
5.2130e-02 8.2000e-02 2.0190e+03
1.9010e-02 6.2000e-02 2.0110e+03
1.0201e-01 4.8190e+00 2.0140e+03
1.6430e-02 1.7800e-01 2.0200e+03
4.1530e-02 6.8000e-02 2.0200e+03
1.6900e-02 6.6610e-02 2.0160e+03
8.8700e-03 7.8361e-02 2.0170e+03
1.4000e-02 8.0000e-02 2.0140e+03
2.7000e-02 1.7600e-01 2.0140e+03
2.8320e-02 1.3440e-01 2.0190e+03
5.4120e-02 1.6300e-01 2.0140e+03
5.0340e-02 1.1650e+00 2.0200e+03
1.3210e-02 6.8000e-02 2.0200e+03
2.3910e-02 1.2000e-01 2.0200e+03
9.7220e-02 4.0300e-01 2.0200e+03
2.2528e-01 8.7000e-01 2.0200e+03
6.1860e-02 2.9100e-01 2.0180e+03
1.5450e-02 1.8800e-02 2.0170e+03
2.6400e-03 3.9250e-02 2.0170e+03
1.2710e-02 5.5910e-02 2.0170e+03
4.0970e-02 3.9435e-02 2.0190e+03
2.0890e-02 9.1700e-02 2.0180e+03
1.9500e-02 1.4880e-02 2.0090e+03
9.5300e-03 7.2000e-02 2.0140e+03
1.1327e-01 5.4000e+00 2.0180e+03
3.3344e-02 6.0700e-02 2.0120e+03
2.1391e-02 1.2540e-01 2.0120e+03
9.2484e-02 1.0304e+00 2.0130e+03
2.6400e-02 6.6000e-02 2.0070e+03
8.2000e-01 2.4100e+00 2.0100e+03
1.3000e-01 4.4800e-01 2.0130e+03
1.9600e-02 4.4000e-02 2.0130e+03
3.3700e+00 4.9000e-01 2.0000e+03
2.3000e+00 4.5000e+00 2.0130e+03
7.6000e-02 1.4340e-01 2.0140e+03
7.0000e-02 3.6440e-01 2.0140e+03
2.7000e-02 1.9390e-01 2.0140e+03
2.0000e-02 8.9000e-02 2.0140e+03
4.3200e-02 3.1000e-02 2.0120e+03
2.2000e-02 2.8700e-02 2.0110e+03
7.9920e-02 2.8600e-02 2.0040e+03
1.7710e-02 9.0500e-02 2.0190e+03
4.9702e-02 4.0610e-02 2.0050e+03
1.7301e-02 7.2100e-02 2.0070e+03
1.9000e-02 2.2000e-01 2.0070e+03
6.1000e-03 2.8150e-02 2.0090e+03
2.2020e-02 7.5800e-01 2.0100e+03
9.7516e-03 1.4600e-01 2.0100e+03
3.2800e-01 1.1350e+00 2.0090e+03
3.0000e-02 4.3000e-02 2.0130e+03
1.7616e-02 5.0500e-02 2.0090e+03
3.4600e-03 8.9300e-02 2.0130e+03
1.1954e-02 1.2500e-01 2.0090e+03
8.4930e-03 1.5600e-01 2.0130e+03
8.4930e-03 2.1300e-01 2.0130e+03
1.6043e-02 2.7600e-01 2.0130e+03
1.4470e-02 5.4900e-01 2.0130e+03
3.7000e-02 3.9000e-02 2.0070e+03
1.4000e-02 4.1300e-02 2.0120e+03
3.6000e-02 1.8700e-01 2.0120e+03
4.9500e+00 1.8000e+00 2.0110e+03
3.0000e+00 5.2000e+00 2.0110e+03
1.4950e+00 3.9200e+00 2.0030e+03
6.4000e-02 1.2800e-01 2.0050e+03
5.3160e-02 3.2000e-01 2.0100e+03
7.5400e-02 1.1800e+00 2.0110e+03
6.8891e-01 3.6000e+00 2.0080e+03
1.5729e-02 1.6200e-01 2.0140e+03
9.1100e-01 2.3900e+00 2.0060e+03
9.4400e-01 4.8200e+00 2.0130e+03
3.9100e+00 1.1300e-01 2.0000e+03
2.6697e+00 2.1859e-01 2.0000e+03
8.4290e-01 1.3598e-01 2.0000e+03
2.1700e-02 2.1839e-02 2.0050e+03
5.3990e-02 3.3430e-01 2.0100e+03
7.3620e-02 5.2540e-02 2.0090e+03
1.5950e+00 4.1300e+00 2.0180e+03
2.1100e-01 3.8400e-02 2.0090e+03
8.5000e-01 4.2600e-02 2.0090e+03
1.4500e+01 1.1860e+00 2.0090e+03
2.2000e+00 5.9400e-02 2.0100e+03
1.9460e+00 9.6400e-02 2.0100e+03
4.1930e+00 4.1300e-02 2.0100e+03
5.3400e-01 8.8200e-02 2.0100e+03
1.4000e+00 2.7500e+00 2.0100e+03
1.9600e-01 5.5900e-02 2.0100e+03
2.9200e-01 4.6600e-02 2.0100e+03
5.2400e-01 5.5350e-02 2.0060e+03
7.2460e+00 3.6100e-02 2.0100e+03
4.0630e+00 4.9400e-02 2.0100e+03
2.1470e+00 4.1400e-02 2.0100e+03
2.0900e+00 2.3200e-02 2.0100e+03
6.8500e-01 4.6500e-02 2.0100e+03
5.6700e-01 4.6600e-02 2.0100e+03
5.9000e-02 4.7900e-02 2.0100e+03
6.2000e-01 4.0000e-02 2.0110e+03
6.2600e-01 4.3400e-02 2.0110e+03
7.7800e-01 6.6700e-02 2.0110e+03
8.7400e+00 6.7400e-02 2.0070e+03
7.1100e-01 4.1900e-02 2.0110e+03
2.1710e+00 5.5000e-02 2.0110e+03
9.4100e-01 3.4400e-02 2.0110e+03
7.6300e-01 5.0300e-02 2.0110e+03
3.3280e+00 6.7700e-02 2.0120e+03
1.0540e+00 4.9800e-02 2.0120e+03
1.8482e+00 2.4100e-02 2.0110e+03
1.1690e+00 3.7800e-02 2.0120e+03
2.6700e-01 5.2300e-02 2.0120e+03
5.9900e-01 5.0900e-02 2.0120e+03
5.9100e-01 3.8660e-02 2.0070e+03
6.1500e-01 6.0800e-02 2.0120e+03
8.0000e-01 4.2600e-02 2.0120e+03
9.7500e-01 5.7500e-02 2.0130e+03
6.6000e-01 4.4300e-02 2.0130e+03
3.9200e-01 5.0700e-02 2.0130e+03
1.6000e+00 6.9900e-01 2.0130e+03
8.9200e-01 4.5200e-02 2.0130e+03
4.9300e-01 5.7700e-02 2.0130e+03
2.0000e+00 3.8300e-01 2.0130e+03
2.0600e-01 6.1500e-02 2.0160e+03
1.6800e-01 5.4300e-02 2.0160e+03
1.7300e+00 4.3800e-02 2.0140e+03
6.8000e-01 4.4600e-02 2.0070e+03
1.3500e+00 4.5300e-02 2.0150e+03
3.0900e-01 5.0690e-02 2.0150e+03
8.1800e-01 3.6940e-02 2.0150e+03
1.4840e+00 3.1590e-02 2.0150e+03
7.6000e-01 4.1170e-02 2.0140e+03
5.8200e-01 4.6040e-02 2.0150e+03
2.1800e+00 4.2300e-02 2.0150e+03
nan 4.0600e-02 2.0150e+03
1.0600e+00 4.0790e-02 2.0070e+03
5.2700e-01 3.9510e-02 2.0160e+03
7.8300e-01 4.3630e-02 2.0160e+03
3.4000e-01 6.5050e-02 2.0170e+03
7.2400e-01 2.9960e-02 2.0200e+03
3.5800e+00 6.5550e-02 2.0190e+03
1.0570e+00 5.2350e-02 2.0070e+03
6.7800e+00 4.7390e-02 2.0190e+03
1.7090e+00 3.7900e-02 2.0080e+03
1.2750e+00 4.3900e-02 2.0080e+03
7.4900e-01 5.2870e-02 2.0080e+03
5.2600e-01 4.4910e-02 2.0150e+03
8.5000e-01 4.6140e-02 2.0160e+03
2.4000e+00 4.7950e-02 2.0160e+03
5.4300e-01 4.0570e-02 2.0150e+03
1.0700e+00 3.8150e-02 2.0150e+03
2.1700e+00 2.7120e-02 2.0150e+03
3.2700e+00 3.7440e-02 2.0150e+03
1.3380e+00 1.3080e-01 2.0150e+03
1.9795e+00 1.7400e-02 2.0160e+03
4.2700e-01 5.8900e-02 2.0160e+03
1.8550e+00 4.4400e-02 2.0120e+03
2.7300e-01 4.6190e-02 2.0160e+03
3.3200e-01 4.6760e-02 2.0160e+03
2.7400e+00 5.0250e-02 2.0160e+03
1.4700e+00 3.3970e-02 2.0150e+03
2.2600e+00 2.3800e-02 2.0170e+03
6.1300e-01 5.1630e-02 2.0160e+03
6.5000e-01 4.7350e-02 2.0160e+03
5.3000e-01 6.1100e-02 2.0160e+03
6.7200e-01 4.1310e-02 2.0160e+03
6.5300e-01 5.4750e-02 2.0160e+03
1.3450e+00 2.3000e-02 2.0130e+03
7.0600e-01 4.3540e-02 2.0160e+03
8.8000e-01 4.7800e-02 2.0160e+03
9.2000e-01 4.0240e-02 2.0160e+03
1.1920e+00 3.7270e-02 2.0160e+03
9.4100e-01 3.1660e-02 2.0160e+03
1.2220e+00 3.1990e-02 2.0160e+03
2.7900e+00 5.2900e-02 2.0170e+03
9.9000e-02 4.9130e-02 2.0200e+03
7.4000e-02 5.0360e-02 2.0200e+03
6.3000e-01 6.0070e-02 2.0180e+03
1.1380e+00 4.9700e-02 2.0130e+03
1.5900e+00 4.9970e-02 2.0180e+03
9.7000e+00 5.8300e-02 2.0180e+03
1.8800e+00 3.6890e-02 2.0180e+03
2.6100e-01 4.9440e-02 2.0170e+03
5.6000e-01 3.6490e-02 2.0170e+03
7.0000e-01 5.5110e-02 2.0170e+03
1.7300e-01 5.3670e-02 2.0170e+03
3.6900e-01 4.2690e-02 2.0200e+03
2.4300e-01 3.7690e-02 2.0200e+03
3.5300e-01 4.5150e-02 2.0200e+03
1.3230e+00 3.6200e-02 2.0140e+03
3.9000e-01 5.0460e-02 2.0170e+03
7.6800e-01 4.6390e-02 2.0170e+03
2.2400e+00 2.4980e-02 2.0170e+03
5.9500e-01 4.7530e-02 2.0170e+03
7.6000e-01 3.7630e-02 2.0180e+03
9.2100e-01 5.4120e-02 2.0180e+03
9.0200e-01 6.0430e-02 2.0180e+03
3.1470e+00 3.4930e-02 2.0180e+03
1.0300e+00 5.7980e-02 2.0180e+03
8.0600e-01 6.1120e-02 2.0180e+03
1.2700e+01 2.5040e+00 2.0180e+03
2.3700e-01 5.4200e-02 2.0140e+03
6.6200e-01 4.7080e-02 2.0180e+03
3.4000e+00 7.9080e-02 2.0180e+03
1.7900e-01 4.1630e-02 2.0180e+03
9.6000e-01 4.0260e-02 2.0180e+03
9.6000e-01 6.5620e-02 2.0180e+03
8.2100e-01 4.4970e-02 2.0180e+03
5.3300e+00 4.7140e-02 2.0180e+03
1.4500e+00 3.0320e-02 2.0180e+03
1.2900e+00 5.0710e-02 2.0180e+03
5.7700e-01 3.2110e-02 2.0180e+03
3.1900e-01 3.6230e-02 2.0140e+03
1.2900e+01 3.6320e-02 2.0190e+03
4.5000e-01 3.9460e-02 2.0180e+03
1.2540e-01 6.6517e-02 2.0200e+03
1.2000e-01 4.0120e-02 2.0150e+03
1.3800e-01 4.6670e-02 2.0150e+03
8.3700e-01 3.0480e-02 2.0150e+03
1.7500e+01 5.3000e+01 2.0130e+03
1.7000e+00 7.6000e-01 2.0110e+03
1.1600e+00 1.0300e+00 2.0070e+03
4.0900e-03 2.2200e-02 2.0100e+03
4.1600e-02 6.4120e-02 2.0100e+03
5.9800e-03 9.0400e-02 2.0120e+03
3.7800e-02 1.2859e-01 2.0100e+03
8.0500e-02 2.6990e-01 2.0100e+03
1.6000e-02 3.3000e-01 2.0120e+03
7.2200e-02 4.9290e-01 2.0100e+03
7.3200e-02 1.4270e+00 2.0100e+03
2.0660e-01 3.3810e+00 2.0100e+03
3.0000e-01 3.0200e-01 2.0050e+03
1.7200e-01 1.5320e-01 2.0040e+03
4.5000e-01 4.9000e-02 2.0050e+03
5.9000e+00 6.1400e-01 2.0080e+03
2.6000e+00 1.5700e+00 2.0080e+03
5.9000e+00 2.0300e+00 2.0110e+03
1.5200e+00 2.3100e+00 2.0160e+03
5.0000e-02 4.6000e-01 2.0110e+03
3.5837e-01 4.0740e+00 2.0190e+03
9.6000e-01 8.1000e-02 2.0100e+03
9.8000e-02 2.4900e-01 2.0090e+03
6.2000e-01 4.9800e-02 2.0140e+03
3.6700e-01 7.0000e-02 2.0130e+03
3.5240e-02 4.3900e-01 2.0190e+03
1.8600e-01 2.6430e-01 2.0090e+03
2.1000e+00 2.3350e+00 2.0140e+03
8.3000e+00 9.5000e-01 2.0030e+03
7.5600e+00 2.7000e+00 2.0020e+03
9.7800e+00 3.2700e+00 2.0110e+03
3.9640e-02 9.0700e-02 2.0170e+03
4.7820e-02 1.5360e-01 2.0170e+03
9.4000e-01 2.0150e+00 2.0030e+03
9.6100e+00 4.5900e+00 2.0110e+03
6.3800e+00 2.1600e+00 2.0000e+03
2.1000e-01 2.6900e-01 2.0060e+03
2.6100e-01 1.0200e-01 2.0020e+03
1.3309e-02 4.5270e-02 2.0200e+03
2.8003e-02 6.2000e-02 2.0200e+03
2.4384e-02 1.0740e-01 2.0200e+03
2.5800e-02 1.3670e-01 2.0200e+03
1.2428e-02 1.7580e-01 2.0210e+03
3.5000e+00 2.0000e+00 2.0140e+03
2.6000e+00 1.4000e+00 2.0110e+03
1.3600e+00 1.0510e+00 2.0030e+03
1.0180e+00 2.6800e+00 2.0050e+03
7.7000e-01 3.3000e-01 2.0100e+03
5.4000e-02 7.9000e-02 2.0130e+03
7.6000e-02 1.9600e-01 2.0130e+03
2.8000e-01 6.3500e-02 2.0050e+03
1.0700e+01 2.3100e+00 2.0090e+03
3.1000e+00 6.4000e-01 2.0150e+03
6.8000e+00 1.9700e+00 2.0040e+03
4.4000e+00 2.5000e+00 2.0170e+03
5.0000e+00 1.7000e+00 2.0200e+03
2.8300e+00 9.2000e-01 2.0130e+03
3.6000e-01 1.2400e+00 2.0100e+03
9.3000e-01 2.4400e+00 2.0100e+03
6.3000e+00 1.6000e+00 2.0170e+03
1.2400e+00 1.6500e+00 2.0030e+03
4.8000e-01 5.1600e+00 2.0140e+03
8.4000e-01 2.0800e+00 2.0020e+03
1.0980e+01 3.5300e-01 1.9920e+03
1.1000e+00 1.1600e+00 2.0010e+03
6.1100e-01 4.9200e+00 2.0160e+03
4.2100e+00 2.7080e+00 2.0070e+03
3.6000e-01 7.2100e-01 2.0090e+03
2.1000e+00 1.7800e+00 2.0110e+03
1.2700e+00 2.0200e+00 2.0160e+03
1.9000e+00 3.7700e+00 2.0040e+03
6.5000e+00 1.0800e+00 2.0150e+03
1.7800e-01 1.7600e-01 2.0040e+03
2.0000e-01 9.3000e-01 2.0130e+03
2.1300e+00 7.0000e-02 2.0050e+03
5.8300e-01 3.1400e+00 2.0050e+03
7.8800e-02 2.2900e-01 2.0050e+03
6.5000e+00 1.8900e+00 2.0050e+03
4.5000e+00 4.3000e+00 2.0130e+03
1.2200e+00 3.3000e-01 2.0030e+03
3.7100e+00 1.0200e+00 2.0030e+03
2.4000e+01 4.1000e+00 2.0160e+03
2.9800e+00 2.9700e-01 2.0160e+03
2.2160e+01 3.1600e+00 2.0190e+03
4.2000e-02 8.0900e-02 2.0090e+03
3.0000e+00 1.3700e+00 2.0070e+03
5.8000e-02 5.0000e-02 2.0090e+03
7.2000e+00 4.2000e+00 2.0090e+03
2.9000e+00 5.4000e-01 2.0150e+03
2.2400e-01 1.8105e+00 2.0110e+03
3.8000e-01 2.3500e+00 2.0100e+03
2.3000e+00 8.3000e-01 2.0000e+03
1.5700e+00 2.5600e+00 2.0020e+03
8.9000e-01 8.7000e-01 2.0160e+03
1.6000e+00 2.9000e+00 2.0100e+03
1.0200e+00 8.8000e-02 1.9990e+03
4.0000e+00 8.0000e+01 2.0160e+03
2.2000e+00 2.0900e+00 2.0110e+03
3.3100e+00 4.1000e+00 2.0180e+03
1.4000e+01 1.8500e+00 2.0050e+03
5.6100e+00 1.9800e+00 2.0070e+03
1.4900e+00 2.6200e+00 2.0110e+03
1.4300e+00 1.4400e+00 2.0160e+03
4.8000e-01 4.3600e+00 2.0160e+03
3.5100e-02 4.4400e-02 2.0110e+03
1.5070e-01 2.2263e+00 2.0110e+03
2.9200e-02 1.0230e-01 2.0110e+03
3.8200e-02 2.9620e-01 2.0110e+03
1.2100e-01 1.1567e+00 2.0110e+03
1.5900e+00 8.1000e-01 1.9990e+03
8.2000e-01 5.8000e+00 2.0090e+03
1.6600e-02 9.3300e-02 2.0110e+03
3.5800e-02 1.6650e-01 2.0110e+03
3.0000e-02 4.1100e-01 2.0110e+03
2.0000e+00 1.3200e+00 2.0100e+03
2.6770e+01 1.2400e+01 2.0190e+03
2.2300e-01 8.9000e-01 2.0110e+03
3.2500e-02 1.0170e-01 2.0110e+03
3.6000e-02 2.4760e-01 2.0110e+03
8.6500e-01 1.5400e-01 2.0130e+03
5.1300e+00 2.0300e+00 2.0130e+03
1.9200e+00 5.3400e+00 2.0100e+03
9.7600e+00 2.3600e+00 2.0090e+03
4.1500e-01 1.0970e-01 2.0180e+03
7.8000e+00 3.4000e+00 2.0140e+03
4.5100e-01 4.1500e-01 2.0140e+03
1.3300e+00 6.8900e-01 2.0140e+03
1.1800e+00 2.0900e+00 2.0140e+03
6.6000e-01 5.0000e+00 2.0140e+03
9.7000e+00 1.5200e+00 2.0020e+03
5.1000e+00 3.0300e+00 2.0050e+03
1.9000e+00 2.7700e+00 2.0110e+03
1.6200e+00 1.0500e+00 2.0030e+03
1.2500e+00 1.0200e+00 2.0010e+03
5.3000e+00 6.8000e+00 2.0120e+03
1.2100e+00 3.7900e-02 2.0160e+03
3.1200e+00 2.0000e+00 2.0080e+03
5.7600e+00 4.5000e-01 2.0080e+03
2.9000e+00 7.6000e-01 2.0100e+03
2.2800e+00 4.6000e+00 2.0150e+03
2.0260e-02 6.3400e-02 2.0090e+03
1.7590e-02 1.1170e-01 2.0160e+03
8.7780e-02 1.1510e+00 2.0090e+03
2.7400e-01 5.7800e+00 2.0090e+03
2.1200e+00 2.3880e-01 2.0090e+03
6.5600e+00 1.9220e+00 2.0090e+03
7.7710e-02 3.1930e-01 2.0170e+03
1.2100e+00 1.3200e+00 2.0030e+03
5.1400e+00 5.2200e-01 2.0160e+03
2.3000e+00 1.3600e+00 2.0160e+03
1.1210e+00 1.7000e+00 2.0180e+03
8.5000e-01 2.4500e+00 2.0090e+03
1.2300e+00 9.9300e-01 2.0180e+03
5.1600e+00 6.1500e+00 2.0180e+03
3.3700e+01 9.7400e-01 2.0180e+03
9.6000e-01 9.3000e-01 2.0090e+03
3.5600e-01 4.2880e-02 2.0050e+03
1.3600e+00 5.2000e-02 2.0050e+03
3.1000e+00 1.3100e+00 2.0110e+03
1.6800e-01 1.9303e+00 2.0110e+03
2.7100e+00 6.7000e+00 2.0020e+03
3.0000e+00 3.2000e+00 2.0100e+03
1.5000e+00 1.4800e+00 2.0110e+03
2.3630e-02 5.2200e-02 2.0190e+03
2.5520e-02 1.2680e-01 2.0190e+03
2.7300e+00 1.2800e+00 2.0080e+03
1.9300e-02 1.3160e-01 2.0110e+03
1.1500e+00 4.1500e+00 2.0060e+03
5.0200e+00 6.0000e-01 2.0080e+03
2.2400e+00 1.2910e+00 2.0040e+03
2.5800e+00 5.3600e+00 2.0140e+03
2.0000e+00 2.0700e+00 2.0150e+03
8.5000e-01 6.4000e-01 2.0070e+03
8.2000e-01 1.0200e+00 2.0070e+03
9.7100e+00 4.9500e-01 2.0110e+03
8.6000e+00 4.9700e+00 2.0160e+03
7.4000e-01 1.8800e+00 2.0090e+03
1.3100e-02 5.0000e-02 2.0100e+03
2.6300e+02 1.0960e+00 2.0080e+03
1.2000e-01 4.1600e-01 2.0110e+03
1.8000e+00 1.4800e+00 2.0110e+03
1.4000e+01 2.1000e+00 2.0180e+03
1.1300e+00 1.1000e-01 2.0130e+03
1.9000e+00 8.0000e-01 2.0130e+03
2.1000e+00 2.2500e+00 2.0070e+03
7.3000e-01 1.0000e+00 2.0120e+03
9.6000e-01 1.4800e+00 2.0150e+03
3.4800e+00 3.5200e+00 2.0150e+03
2.1500e-01 3.5000e-01 2.0000e+03
4.7700e+00 2.1480e+00 2.0070e+03
1.4400e+01 7.4000e-02 2.0020e+03
3.0000e-01 1.0500e+02 2.0160e+03
3.0000e-01 1.6000e+02 2.0160e+03
7.7000e-01 3.6000e-01 2.0110e+03
2.2900e+00 2.4200e+00 2.0110e+03
6.9000e-02 1.4000e-01 2.0090e+03
4.8000e-01 8.7500e-01 2.0110e+03
5.1000e-02 2.3000e-01 2.0150e+03
2.7000e+00 1.1300e+00 2.0100e+03
3.3855e-01 2.1150e+00 2.0060e+03
4.0590e-02 3.3510e-01 2.0160e+03
1.2590e-02 1.0300e-01 2.0200e+03
2.8900e+00 1.1300e+00 2.0160e+03
6.4300e+00 9.4000e-01 2.0150e+03
3.5300e+00 5.4200e+00 2.0110e+03
1.7000e+00 1.3200e+00 2.0070e+03
7.6590e+00 2.9310e-01 1.9980e+03
1.7193e+01 2.8373e+00 2.0010e+03
2.3000e-01 6.5000e-02 2.0020e+03
6.1000e+00 1.3000e+00 2.0100e+03
2.8800e+00 8.1000e-01 2.0000e+03
3.5400e+00 3.2900e+00 2.0030e+03
6.7000e-01 2.2400e+00 2.0070e+03
4.6000e+00 1.2900e+00 2.0070e+03
1.9800e+00 1.3200e+00 2.0070e+03
2.6000e+00 2.5400e+00 2.0090e+03
3.1910e+00 1.6230e-01 2.0070e+03
2.7000e+00 1.1600e+00 2.0090e+03
7.8000e+00 2.4000e+00 2.0100e+03
4.6000e+00 9.8000e-01 2.0160e+03
6.1000e-01 1.0300e+00 2.0070e+03
1.5000e+00 1.7600e+00 2.0100e+03
8.7000e-01 1.4200e+00 2.0170e+03
1.8060e-02 6.2960e-02 2.0170e+03
2.8880e-02 1.1878e-01 2.0170e+03
4.7510e-02 2.4600e-01 2.0170e+03
1.4900e+00 1.2218e+00 1.9990e+03
1.5000e-01 5.1370e-01 2.0100e+03
6.2920e+00 3.2000e-01 2.0010e+03
8.0000e-02 1.1000e-01 2.0090e+03
9.5000e-01 4.5000e-02 2.0000e+03
2.1940e+00 8.4300e-01 2.0180e+03
3.1800e+00 3.8700e+00 2.0180e+03
2.2000e+01 1.4000e+00 2.0100e+03
3.8390e-02 3.3570e-01 2.0180e+03
6.4000e+00 3.6000e-01 2.0090e+03
1.6000e+00 1.3900e+00 2.0100e+03
8.3700e+00 7.5200e+00 2.0190e+03
3.3000e+00 1.7800e+00 2.0100e+03
2.3800e-02 8.0000e-02 2.0080e+03
6.4000e-01 1.7600e+00 2.0080e+03
5.4000e-01 3.0000e+00 2.0080e+03
3.7000e-01 1.7800e+00 2.0090e+03
3.6350e+00 1.4860e+00 2.0040e+03
9.0000e+00 5.9800e+00 2.0080e+03
9.4000e-01 7.7000e-02 2.0060e+03
3.5180e+00 5.4200e-02 2.0170e+03
7.5000e-01 2.0500e+00 2.0060e+03
5.0740e-01 4.2130e-02 1.9980e+03
1.8000e+00 4.4600e+00 2.0070e+03
2.7000e+00 1.9200e+00 2.0110e+03
1.2600e+00 1.1900e+00 2.0040e+03
3.1600e-02 1.0990e-01 2.0110e+03
1.1380e+00 3.1420e-02 2.0050e+03
5.1790e-02 9.2000e-02 2.0200e+03
1.9000e+00 2.0700e+00 2.0070e+03
3.1000e+00 5.5000e+00 2.0090e+03
8.5200e+00 2.8000e+00 2.0160e+03
7.3300e-01 1.5312e-01 1.9990e+03
2.4000e+00 1.3200e+00 2.0070e+03
3.7000e+00 1.3880e-01 1.9980e+03
2.8300e+00 2.4700e+00 2.0020e+03
6.9000e+00 5.0200e+00 2.0110e+03
2.9800e+00 2.6000e+00 2.0070e+03
7.9000e-01 2.0700e+00 2.0120e+03
1.6800e+00 1.4200e+00 2.0000e+03
3.7800e-02 9.7400e-02 2.0110e+03
4.2200e-02 1.9610e-01 2.0110e+03
1.8500e+00 1.6010e+00 2.0100e+03
8.9500e-01 1.9500e+00 2.0100e+03
1.7400e+01 8.3000e-01 2.0020e+03
2.4400e+00 2.5500e+00 2.0040e+03
1.9960e+00 1.5660e+00 2.0190e+03
1.8640e+00 2.3420e+00 2.0190e+03
1.0170e+00 5.2080e-02 2.0190e+03
2.4090e+01 4.8710e+02 2.0060e+03
7.8000e+00 2.7300e+00 2.0180e+03
1.0700e+00 1.2500e+00 2.0020e+03
4.9000e+00 2.2000e+00 2.0020e+03
4.2800e+00 3.0400e+00 2.0090e+03
5.5300e-02 2.0990e-01 2.0110e+03
1.6800e+00 3.9300e+00 2.0120e+03
2.6600e-01 2.5600e+00 2.0110e+03
1.3700e+00 8.9600e-01 2.0080e+03
1.0760e-01 4.6100e-01 2.0190e+03
2.2000e+00 1.6800e+00 2.0100e+03
1.4300e+00 1.3970e+00 2.0060e+03
3.7882e-02 1.6900e-01 2.0110e+03
4.9649e-02 3.4560e-01 2.0110e+03
5.6000e-01 5.7000e-01 2.0120e+03
7.3000e-01 2.1120e+00 2.0120e+03
8.5000e-03 1.2070e-01 2.0110e+03
7.5500e-03 2.0360e-01 2.0110e+03
1.5100e-02 3.4990e-01 2.0110e+03
1.5010e-02 5.0900e-01 2.0170e+03
4.1300e-01 5.1000e-01 2.0040e+03
9.9000e+00 2.1000e+00 2.0120e+03
1.9900e+00 9.4700e-01 2.0080e+03
1.4000e+00 1.0500e+00 2.0170e+03
7.1400e-01 4.7470e-02 1.9990e+03
4.8170e-01 1.4870e+00 2.0190e+03
1.2300e+00 1.1000e+00 1.9980e+03
1.9000e+00 1.2000e+00 2.0070e+03
6.7000e-01 2.6560e+00 2.0180e+03
4.0900e-02 1.4300e-01 2.0190e+03
4.5000e-01 3.6000e-02 2.0050e+03
2.3000e+00 1.2200e+00 2.0100e+03
4.5000e+00 2.0300e+00 2.0010e+03
2.7780e-02 2.0120e-02 2.0190e+03
6.2770e-02 5.6798e-02 2.0190e+03
2.0734e-01 3.6200e-01 2.0190e+03
1.9200e+01 3.1800e+00 2.0160e+03
5.7200e-03 5.7638e-02 2.0180e+03
5.4100e-03 6.7393e-02 2.0180e+03
8.8100e-03 8.7990e-02 2.0180e+03
9.0500e-03 1.5417e-01 2.0180e+03
1.0100e-01 6.5200e-01 2.0110e+03
2.4600e-01 3.3940e+00 2.0110e+03
2.0000e-02 4.7000e-02 2.0090e+03
3.3000e-01 1.2820e+00 2.0090e+03
1.2600e+00 2.5600e+00 2.0020e+03
1.8200e+00 2.3200e+00 2.0020e+03
3.2280e-02 1.9800e-01 2.0200e+03
2.9700e-02 5.2800e-01 2.0200e+03
1.4700e+00 6.0900e-01 2.0150e+03
6.5000e-01 4.6000e-01 2.0030e+03
3.2200e-02 1.4840e-01 2.0110e+03
6.4720e-02 2.6440e-01 2.0110e+03
1.4135e+00 7.5050e-02 1.9980e+03
4.4800e+00 6.0600e+00 2.0050e+03
1.3000e+01 2.3800e+00 2.0100e+03
2.1600e+01 4.5600e+00 2.0180e+03
2.1000e-01 6.8730e-01 2.0100e+03
1.0390e+01 6.2200e+00 2.0120e+03
1.4910e-02 3.8760e-02 2.0150e+03
1.3720e-02 6.5300e-02 2.0150e+03
2.2970e-02 1.4630e-01 2.0150e+03
5.0877e-02 2.3700e-01 2.0150e+03
3.4000e-02 3.7530e-01 2.0150e+03
2.2300e-01 2.5600e+00 2.0150e+03
2.8100e-01 3.0640e+00 2.0150e+03
1.0000e+00 3.2000e+00 2.0120e+03
5.2230e-02 6.3560e-02 2.0180e+03
6.6070e-02 4.5000e-02 2.0070e+03
1.5100e+01 5.9600e+00 2.0160e+03
1.1100e+01 1.6000e+00 2.0120e+03
2.0000e-01 2.7290e+00 2.0180e+03
1.0600e+00 3.3600e+00 2.0110e+03
1.4500e+00 4.9400e+00 2.0120e+03
3.1800e+00 7.4000e-01 2.0160e+03
3.0900e+00 1.2500e+00 2.0070e+03
1.9000e-01 1.2280e-01 2.0190e+03
9.7000e+00 1.8500e+01 2.0190e+03
1.6100e+00 2.3060e+00 2.0160e+03
1.5600e+00 1.8300e+00 2.0160e+03
1.9000e+00 5.1000e+00 2.0120e+03
7.7500e+00 1.3500e+00 1.9990e+03
5.9700e+00 2.2800e+00 2.0160e+03
7.1000e-01 2.3300e-01 2.0060e+03
1.3650e+01 1.1670e+00 2.0110e+03
2.5000e+00 1.5000e+00 2.0010e+03
1.5000e+00 2.4000e+00 2.0070e+03
1.0800e+00 5.3000e-01 2.0070e+03
6.5750e+00 7.4700e-01 2.0130e+03
1.7800e+00 2.8270e+00 2.0180e+03
5.6380e-02 1.2100e-01 2.0190e+03
5.4050e-02 1.7000e-01 2.0190e+03
8.1000e+00 2.8800e+00 2.0020e+03
6.0000e+00 5.7000e+00 2.0180e+03
5.2100e+00 1.3300e+00 2.0090e+03
5.3000e+00 1.9000e+00 2.0100e+03
4.0800e+00 4.7700e+00 2.0060e+03
9.4000e+00 1.2900e+00 2.0150e+03
3.7130e-02 3.4000e-02 2.0190e+03
4.4800e+00 6.1900e+00 2.0190e+03
9.5000e-01 3.0200e+00 2.0100e+03
4.8000e-01 4.4000e-02 2.0050e+03
1.1700e+00 5.6800e-02 2.0190e+03
1.3500e+00 1.1600e+00 2.0000e+03
1.4500e+00 3.2500e+00 2.0110e+03
6.6500e-01 1.2500e-01 2.0050e+03
1.6200e-01 1.9800e-01 2.0170e+03
5.4150e+00 5.4480e+00 2.0170e+03
5.7000e+00 1.0300e+00 2.0010e+03
1.1600e+00 2.1500e+00 2.0090e+03
1.7000e+00 1.2400e+00 2.0110e+03
2.4000e+00 2.2800e+00 2.0170e+03
2.5400e+00 3.4300e+00 2.0090e+03
1.6000e+00 1.2000e+00 2.0130e+03
8.6220e+00 3.7040e+00 2.0020e+03
7.6000e+00 9.8900e+00 2.0160e+03
1.3730e+00 2.3150e+00 2.0090e+03
4.7000e-01 2.6900e+00 2.0140e+03
1.8000e+00 2.0000e+00 2.0110e+03
5.0000e-01 1.2600e+00 2.0100e+03
3.6300e-02 1.2530e-01 2.0110e+03
4.9800e-02 2.6650e-01 2.0110e+03
5.1900e-02 8.1810e-01 2.0110e+03
2.1710e-02 7.7570e-02 2.0170e+03
3.0400e+00 5.9000e-01 2.0090e+03
7.0000e-01 3.4100e+00 2.0150e+03
6.2000e-01 3.9000e-02 2.0040e+03
1.3000e+00 1.0600e+00 2.0110e+03
5.9700e+00 2.0400e+00 2.0160e+03
2.4400e-01 1.4360e-01 2.0200e+03
3.3000e-01 1.6800e-01 2.0060e+03
9.1000e+00 1.1000e+00 2.0050e+03
1.9200e+00 1.5900e+00 2.0150e+03
1.6800e+00 2.2500e+00 2.0150e+03
6.2900e-01 2.0750e+00 2.0100e+03
3.7600e+00 3.8900e-01 2.0160e+03
2.0000e-01 2.8400e-01 2.0030e+03
9.0000e-02 1.8600e-01 2.0130e+03
6.7500e-01 5.3364e-01 1.9990e+03
6.5200e-01 1.7100e+00 2.0050e+03
6.9600e-01 2.8070e+00 2.0030e+03
2.8020e+00 2.8310e-01 2.0040e+03
3.3700e+00 3.5600e+00 2.0120e+03
3.4000e-01 1.0200e+00 2.0110e+03
7.8000e-01 1.3100e-01 2.0000e+03
1.7700e+01 3.6950e+00 2.0020e+03
9.6980e+00 1.6230e+00 2.0090e+03
9.6100e-02 1.0376e+00 2.0110e+03
1.0020e+01 3.1000e+00 2.0010e+03
1.5170e-02 6.8390e-02 2.0180e+03
1.1700e-02 5.1900e-02 2.0110e+03
1.8700e-02 9.5400e-02 2.0110e+03
1.6200e-02 1.7200e-01 2.0110e+03
1.3200e+01 1.1000e-01 2.0160e+03
2.6740e-02 4.1000e-02 2.0190e+03
1.1990e-02 4.7500e-02 2.0080e+03
2.0230e-02 8.1200e-02 2.0080e+03
2.7500e-02 1.3400e-01 2.0080e+03
1.1000e-02 1.8860e-01 2.0120e+03
1.1420e-02 2.4850e-01 2.0120e+03
2.2300e-02 6.0000e-01 2.0120e+03
2.7000e+00 1.4000e+00 2.0170e+03
3.2800e+00 8.3000e-01 2.0020e+03
2.5400e+00 1.7000e+00 2.0040e+03
1.6020e+00 1.2980e+00 2.0070e+03
3.8692e-02 1.3700e-01 2.0130e+03
2.7053e-02 1.7200e-01 2.0130e+03
1.6000e+00 1.6700e+00 2.0170e+03
1.8200e+00 1.1735e+00 2.0010e+03
1.5100e+00 7.5000e+00 2.0140e+03
8.0000e-01 1.7000e+00 2.0010e+03
4.5310e-02 5.5400e-01 2.0160e+03
4.0500e-02 1.1800e-01 2.0050e+03
2.3000e+00 1.1900e+00 2.0100e+03
6.0000e-01 9.2000e-01 2.0090e+03
2.4900e+00 2.4000e-01 2.0070e+03
5.8000e-01 1.1900e+00 2.0090e+03
3.8400e-02 6.4400e-02 2.0190e+03
2.7700e-02 1.1000e-01 2.0190e+03
1.7900e+00 1.9200e+00 2.0040e+03
1.8720e-01 6.8130e-01 2.0090e+03
6.5790e-01 8.9720e-01 2.0090e+03
4.7000e-01 2.3000e-01 2.0080e+03
2.4900e-01 4.1000e-02 2.0000e+03
7.1670e-02 5.0000e-02 2.0080e+03
3.5061e-01 2.3950e+00 2.0080e+03
2.3700e+00 1.1900e+00 2.0120e+03
2.3700e+00 4.6000e+00 2.0120e+03
2.3000e+00 1.2800e+00 2.0160e+03
1.8800e+00 1.9700e+00 2.0160e+03
4.0000e+00 1.1200e+00 2.0030e+03
1.1600e+00 1.5100e+00 2.0080e+03
1.6150e+00 1.1670e+00 2.0180e+03
1.1500e-01 5.8000e-02 2.0020e+03
1.6360e+00 3.8330e+00 2.0050e+03
2.9300e+00 9.0200e+00 2.0190e+03
5.1600e+00 2.4100e+00 2.0020e+03
4.1300e-02 1.0590e-01 2.0110e+03
5.6500e-02 3.7910e-01 2.0110e+03
1.0500e+00 5.0000e-01 2.0000e+03
1.7600e+00 1.6697e+00 2.0070e+03
1.1500e+00 2.0710e+00 2.0140e+03
3.8700e+00 3.1800e+00 2.0180e+03
5.7800e+00 5.3000e-01 2.0160e+03
1.4000e+00 1.9000e+00 2.0120e+03
3.3000e-01 1.2000e+00 2.0140e+03
7.6000e+00 7.6000e-01 2.0110e+03
6.9200e+00 1.0860e+00 2.0030e+03
6.5000e+00 1.5000e+00 2.0200e+03
3.1500e+00 7.7000e-01 2.0080e+03
7.4600e+00 1.5800e+00 2.0080e+03
2.9000e+00 1.6900e+00 2.0060e+03
3.8000e-01 3.6000e-02 2.0050e+03
6.4000e-01 9.4900e-01 2.0090e+03
5.6000e-02 2.4600e-01 2.0190e+03
4.4000e-01 1.4800e-01 2.0000e+03
1.2100e+00 1.3700e+00 2.0030e+03
6.0000e+00 1.2000e+00 2.0120e+03
3.0900e+00 3.4600e+00 2.0060e+03
3.0600e+00 1.0800e+00 2.0150e+03
4.8500e+00 3.8600e+00 2.0150e+03
1.5600e+00 3.5600e+00 2.0090e+03
3.0700e+00 2.1800e+00 2.0160e+03
1.9000e+00 7.1000e-02 2.0010e+03
3.3000e-02 7.8500e-02 2.0060e+03
3.8000e-02 1.8600e-01 2.0060e+03
5.8000e-02 6.3000e-01 2.0060e+03
6.1000e+00 1.7600e+00 2.0070e+03
2.0000e+00 3.3000e+00 2.0030e+03
2.9000e-01 1.3600e+00 2.0110e+03
1.7680e+00 1.8800e+00 2.0180e+03
2.9900e+00 4.6200e+00 2.0020e+03
5.4500e+00 2.2800e-01 2.0160e+03
1.8700e+00 3.7000e-02 2.0030e+03
3.0600e+00 2.1980e+00 2.0080e+03
2.3500e+00 6.5000e-01 2.0020e+03
2.1900e+00 1.0300e+00 2.0060e+03
1.0200e+00 2.9500e+00 2.0090e+03
1.7780e+00 2.9160e-01 2.0030e+03
7.7700e+00 3.8300e+00 2.0030e+03
1.0900e+00 2.3300e+00 2.0110e+03
2.0000e+00 4.9600e+00 2.0110e+03
4.2000e-01 4.6000e-02 1.9990e+03
1.0000e+00 1.0320e+00 2.0140e+03
5.6400e+00 8.4000e+00 2.0180e+03
2.5100e+00 1.1900e+00 2.0070e+03
1.9700e-01 4.9000e-02 2.0020e+03
3.9300e+00 1.1490e+00 2.0170e+03
4.8758e-02 6.1100e-02 2.0120e+03
2.9000e-02 5.6640e-02 2.0090e+03
2.4700e-02 1.1340e-01 2.0150e+03
2.0300e-02 1.5510e-01 2.0150e+03
1.3400e+00 3.1300e+00 2.0120e+03
3.9400e+00 4.6300e-01 2.0010e+03
1.7620e-02 1.6600e-02 2.0200e+03
6.8600e+00 1.9400e+00 2.0050e+03
2.7000e+00 8.1000e-01 2.0080e+03
2.7100e+01 3.3000e+00 2.0200e+03
1.3000e+00 1.6500e+00 2.0110e+03
1.7500e+00 1.1866e+00 2.0030e+03
2.0100e+00 7.4230e-01 2.0030e+03
2.0955e-01 5.3300e-01 2.0190e+03
4.0000e-01 4.0600e-02 2.0020e+03
6.8000e-01 2.4500e+00 2.0090e+03
1.3200e-01 1.5200e+00 2.0090e+03
1.1000e-02 2.6000e-01 2.0110e+03
2.1100e+00 7.7000e-01 2.0030e+03
1.5000e+00 3.9000e-02 2.0060e+03
4.5000e-01 2.7300e+00 2.0090e+03
2.2810e-02 4.9000e-02 2.0200e+03
7.0000e+00 2.8600e+00 2.0090e+03
1.4200e+01 3.0200e+00 2.0100e+03
3.6000e+00 2.7200e+00 2.0160e+03
1.2400e+01 1.1700e-01 2.0160e+03
1.7800e+00 3.6000e+00 2.0090e+03
2.2000e-01 4.7000e-02 2.0040e+03
2.0000e+00 3.3400e+00 2.0040e+03
1.1000e-01 1.0660e-01 2.0180e+03
7.2000e+00 8.8000e-01 2.0000e+03
5.7000e-02 2.5000e-01 2.0090e+03
1.1100e+00 2.2000e+00 2.0160e+03
3.7600e+00 9.7000e-01 2.0000e+03
3.6700e+00 1.0500e+01 2.0190e+03
1.6880e+01 9.6200e+00 2.0190e+03
3.7000e-01 4.7700e-01 2.0050e+03
2.6300e-02 1.1160e-01 2.0110e+03
3.1800e-02 2.5700e-01 2.0110e+03
7.0000e-01 1.8900e-01 2.0100e+03
1.8200e+00 6.5400e-01 2.0100e+03
1.2600e+00 2.7400e+00 2.0180e+03
1.2000e+00 1.5100e+00 2.0100e+03
3.9700e+00 3.3000e+00 2.0160e+03
5.0100e+00 1.2800e+00 2.0150e+03
1.3353e-01 2.6200e-01 2.0200e+03
4.6000e+00 5.2000e+00 2.0150e+03
9.0000e-01 9.9000e-01 2.0110e+03
4.0000e+00 1.4000e+00 2.0110e+03
6.8000e-01 1.3000e+00 2.0090e+03
2.8400e-02 7.7400e-02 2.0110e+03
4.0000e-02 4.2200e-01 2.0110e+03
2.5000e+00 1.3000e+02 2.0190e+03
2.3755e-02 8.0000e-02 2.0100e+03
1.8000e+00 1.2300e+00 2.0110e+03
4.8000e+01 1.8000e+01 2.0170e+03
6.8000e+00 5.6000e+00 2.0110e+03
2.3300e+00 1.8640e+00 2.0180e+03
5.0200e-01 1.1050e+00 2.0060e+03
1.4000e+00 2.1400e+00 2.0110e+03
5.6900e+00 2.7600e+00 2.0160e+03
8.2000e+00 8.1000e-01 2.0140e+03
4.0590e-02 2.4300e-01 2.0200e+03
1.9800e+00 7.2000e-01 2.0150e+03
1.5600e+00 1.1340e+00 2.0160e+03
2.6800e+00 7.0600e-01 2.0160e+03
9.9000e-01 4.8000e+00 2.0150e+03
2.9300e+00 8.1000e-01 2.0120e+03
7.8000e-01 7.0000e-02 2.0120e+03
3.5000e-01 1.3000e-01 2.0090e+03
1.2500e+00 1.1600e-01 2.0100e+03
3.8800e+00 6.9200e-02 2.0060e+03
1.2800e+00 5.4500e-01 2.0060e+03
5.7000e-01 1.8900e+00 2.0090e+03
3.9960e-02 2.1700e-01 2.0190e+03
2.5490e-02 2.5600e-01 2.0200e+03
1.5228e-01 3.8050e+00 2.0200e+03
4.5310e-02 1.7600e-01 2.0200e+03
7.2050e-02 1.1200e-01 2.0200e+03
1.4400e+00 8.9000e-01 2.0090e+03
1.5040e+01 7.7000e+00 2.0100e+03
2.7120e-02 6.3000e-02 2.0190e+03
3.9140e-02 9.9000e-02 2.0190e+03
2.9800e-01 1.6351e-01 2.0100e+03
3.6000e-02 7.0000e-02 2.0110e+03
4.1000e-01 1.7800e-01 2.0110e+03
5.2700e-01 1.0100e+00 2.0110e+03
9.1800e+00 5.6500e-01 2.0130e+03
4.2800e-01 1.7700e-01 2.0160e+03
7.8400e-01 3.1600e-01 2.0160e+03
9.0000e+00 9.2000e+01 2.0170e+03
6.0000e+00 2.8100e+00 2.0150e+03
3.2130e+00 1.7820e-02 2.0200e+03
1.1100e+01 4.9600e+00 2.0160e+03
1.3800e+00 4.6000e-01 2.0140e+03
5.9800e+00 3.8200e+00 2.0140e+03
1.1000e-02 2.9743e-02 2.0160e+03
9.4000e-02 6.6500e-01 2.0160e+03
9.0000e+00 1.0000e+01 2.0090e+03
5.9150e-02 3.3500e-01 2.0190e+03
2.4000e+00 2.1000e+00 2.0160e+03
8.8200e+00 1.2750e+00 2.0020e+03
2.0500e+01 3.4500e+02 2.0190e+03
2.1000e+00 3.6000e-01 2.0100e+03
5.5900e+00 2.8000e+00 2.0160e+03
1.0680e+00 5.7000e-02 2.0130e+03
2.0000e+01 2.5500e+00 2.0140e+03
3.2300e+00 1.8000e+01 2.0190e+03
2.2600e+00 9.2500e-01 1.9990e+03
5.0000e+00 6.7960e+01 2.0080e+03
7.0000e+00 4.2810e+01 2.0080e+03
7.0000e+00 2.6970e+01 2.0080e+03
7.0000e+00 1.6990e+01 2.0100e+03
4.7580e+00 3.6020e+00 2.0110e+03
2.0200e+01 6.5570e+00 2.0110e+03
8.0000e+01 1.2887e+01 2.0140e+03
1.4300e+01 4.6900e+00 2.0080e+03
6.3000e+00 2.0380e+00 2.0180e+03
1.8700e-01 5.7300e-02 2.0160e+03
1.6640e-02 5.7000e-02 2.0170e+03
3.5550e-02 1.1660e-01 2.0200e+03
3.9800e-01 1.0356e-01 2.0180e+03
1.2360e+00 3.5300e-02 2.0180e+03
8.6000e-01 4.6000e-02 2.0180e+03
1.4200e+00 4.0400e-02 2.0180e+03
2.2300e-01 1.0200e-01 2.0180e+03
4.6570e-02 2.5730e-01 2.0180e+03
2.0580e-02 3.3760e-02 2.0180e+03
3.4300e-02 1.3060e-02 2.0180e+03
9.1000e-04 6.7900e-02 2.0180e+03
2.8000e-02 1.0350e-01 2.0180e+03
4.4990e-02 1.2490e-01 2.0180e+03
3.0460e-02 3.8170e-02 2.0180e+03
4.9330e-02 8.2400e-02 2.0180e+03
2.0450e-02 1.1780e-01 2.0180e+03
3.3670e-02 1.8041e-01 2.0180e+03
3.1500e-01 1.2060e-01 2.0180e+03
3.4300e-02 9.2300e-02 2.0190e+03
7.7400e-01 3.0500e-01 2.0190e+03
2.0420e-02 3.2610e-02 2.0190e+03
7.7090e-02 1.3000e-01 2.0190e+03
3.3500e-01 4.5100e-02 2.0180e+03
6.2400e-01 4.9860e-02 2.0160e+03
1.7800e+00 4.4190e-02 2.0160e+03
1.2270e-02 2.2300e-02 2.0160e+03
2.4540e-02 5.4000e-02 2.0160e+03
1.2500e-01 6.2000e-02 2.0160e+03
4.2600e-01 4.5000e-02 2.0160e+03
6.7020e-02 5.9830e-02 2.0160e+03
1.6000e+00 2.6000e+00 2.0070e+03
1.5099e-02 1.6800e-01 2.0140e+03
2.2020e-02 3.1100e-01 2.0140e+03
6.7900e-01 5.2500e-02 2.0150e+03
1.9500e-01 6.2290e-02 2.0160e+03
9.5000e-01 6.7100e-02 2.0160e+03
9.1000e-01 4.6130e-02 2.0150e+03
2.7500e+00 2.0440e-02 2.0160e+03
1.3100e+00 4.8810e-02 2.0160e+03
1.1800e+00 4.5500e-02 2.0170e+03
4.0700e+00 6.3700e-02 2.0170e+03
3.9100e+00 5.2240e-02 2.0180e+03
9.3800e-01 3.3020e-02 2.0190e+03
5.1800e+00 6.9690e-02 2.0190e+03
1.5240e+00 5.5040e-02 2.0120e+03
1.4620e+00 4.1260e-02 2.0120e+03
4.4200e-01 8.0000e-02 2.0130e+03
3.7100e+00 2.3900e+00 2.0150e+03
1.2800e+00 4.4150e-02 2.0150e+03
8.6700e-01 4.5710e-02 2.0150e+03
nan 1.1000e-01 2.0140e+03
2.3100e-02 7.2700e-02 2.0140e+03
nan 2.1600e-01 2.0140e+03
1.6100e-01 4.7400e-02 2.0140e+03
nan 6.8400e-02 2.0140e+03
nan 1.2800e-01 2.0140e+03
nan 6.4100e-01 2.0140e+03
nan 6.9000e-02 2.0140e+03
nan 1.5200e-01 2.0140e+03
1.0190e-02 1.6850e-02 2.0110e+03
2.3190e-02 2.4100e-01 2.0110e+03
1.8400e+00 2.8040e-01 2.0140e+03
9.4000e-02 1.4450e-01 2.0140e+03
5.9770e-03 9.1000e-02 2.0110e+03
9.0280e-03 1.0700e-01 2.0110e+03
2.2964e-02 1.5500e-01 2.0110e+03
2.5166e-02 1.9500e-01 2.0110e+03
6.2910e-03 2.5000e-01 2.0110e+03
nan 4.6600e-01 2.0110e+03
4.3000e-01 5.5600e-02 2.0110e+03
9.2800e+00 3.4230e-02 2.0110e+03
5.2800e+00 7.5300e-01 2.0160e+03
6.6000e-01 5.7140e-02 2.0110e+03
3.1463e-01 1.7000e-01 2.0200e+03
5.0000e-01 2.0260e+00 2.0180e+03
1.5730e-02 1.0300e-01 2.0180e+03
1.5291e-01 1.9700e-01 2.0180e+03
5.8800e+00 5.4400e-02 2.0190e+03
5.3490e-02 6.3300e-01 2.0200e+03
nan 4.8300e-02 2.0140e+03
nan 6.8400e-02 2.0140e+03
nan 1.4050e-01 2.0160e+03
nan 1.8900e+00 2.0160e+03
3.3300e-01 7.0480e-01 2.0110e+03
2.4700e+00 2.5910e-02 2.0110e+03
2.1700e-02 4.4700e-02 2.0110e+03
5.4000e-02 7.5200e-02 2.0110e+03
5.2000e-02 1.1720e-01 2.0110e+03
2.7000e-02 4.5370e-02 2.0110e+03
5.1000e-02 9.3000e-02 2.0110e+03
6.0000e-02 3.4530e-01 2.0110e+03
nan 4.2509e-02 2.0110e+03
2.3000e-02 2.1000e-01 2.0140e+03
1.3000e-02 3.3000e-01 2.0140e+03
4.1500e-01 5.1000e-01 2.0140e+03
9.6300e-02 1.1600e-01 2.0140e+03
2.7000e-02 9.0000e-02 2.0140e+03
2.5200e-03 1.1890e-01 2.0120e+03
1.4780e-02 1.6600e-01 2.0120e+03
2.1080e-02 2.1380e-01 2.0120e+03
3.6180e-02 2.5350e-01 2.0120e+03
2.2000e-01 1.0896e+00 2.0120e+03
1.2700e-01 6.0347e-01 2.0120e+03
1.3464e-02 1.1510e-01 2.0120e+03
2.5417e-02 1.2830e-01 2.0120e+03
8.3060e-02 7.3900e-02 2.0160e+03
8.0550e-02 3.7500e-02 2.0130e+03
4.7820e-02 2.7900e-01 2.0180e+03
3.3980e-02 1.8600e-01 2.0180e+03
9.3900e-01 2.9590e-02 2.0140e+03
5.6000e-01 3.1010e-02 2.0110e+03
4.3000e-01 8.2000e-02 2.0140e+03
1.0300e+00 4.4000e-02 2.0140e+03
6.9700e+00 7.3000e-01 2.0140e+03
2.8600e+00 1.1430e-01 2.0150e+03
nan 1.0200e-01 2.0150e+03
nan 1.4100e-01 2.0150e+03
nan 2.0000e-01 2.0150e+03
nan 6.7000e-02 2.0150e+03
nan 1.0400e-01 2.0150e+03
nan 1.4700e-01 2.0150e+03
1.3700e+00 7.6900e-02 2.0150e+03
1.0000e+00 4.4600e-02 2.0110e+03
2.1520e-02 9.5400e-02 2.0150e+03
4.4600e+00 1.2860e+00 2.0150e+03
nan nan 2.0150e+03
5.0500e-01 2.7000e-02 2.0110e+03
3.7600e-01 2.7990e-01 2.0120e+03
5.9840e-02 6.9920e-01 2.0190e+03
7.7000e-02 4.5600e-02 2.0100e+03
7.9000e+01 7.8600e-02 2.0160e+03
1.5963e-02 7.7000e-02 2.0120e+03
2.6041e-02 8.7000e-02 2.0120e+03
6.6000e-03 2.5140e-01 2.0120e+03
1.2600e-02 3.8400e-01 2.0120e+03
2.3900e-02 5.0900e-01 2.0140e+03
3.3350e-02 4.6690e-01 2.0160e+03
6.9500e-02 1.0280e-01 2.0120e+03
5.6900e-01 1.6520e-01 2.0120e+03
3.3000e+00 2.0000e+00 2.0120e+03
2.1140e+00 5.0640e-02 2.0100e+03
1.2900e-02 7.4970e-02 2.0120e+03
1.5100e-02 8.7010e-02 2.0120e+03
1.2000e-02 1.0548e-01 2.0120e+03
nan 8.0000e-02 2.0130e+03
2.6000e-02 6.1700e-02 2.0130e+03
1.5000e-02 9.0590e-02 2.0130e+03
9.4700e-01 1.4000e+00 2.0130e+03
6.7000e-01 4.5670e-02 2.0100e+03
6.3000e-01 7.8100e-02 2.0120e+03
1.0100e+01 8.1800e-02 2.0130e+03
4.3000e-01 4.5010e-02 2.0130e+03
4.4000e-01 6.2460e-02 2.0100e+03
2.1800e-02 6.4800e-02 2.0140e+03
2.1210e-02 7.9200e-02 2.0140e+03
2.1240e-02 3.7200e-02 2.0140e+03
1.2990e-02 4.9100e-02 2.0140e+03
3.8230e-02 1.6830e-01 2.0120e+03
4.3730e-02 2.6260e-01 2.0120e+03
6.5760e-02 3.3950e-01 2.0190e+03
1.0200e+00 4.7100e-01 2.0130e+03
2.0132e-02 6.6400e-01 2.0130e+03
3.3030e-02 5.1190e-02 2.0120e+03
4.9073e-02 1.0130e-01 2.0120e+03
3.3000e-01 1.6840e-01 2.0120e+03
1.1010e-01 3.0460e-01 2.0120e+03
5.9000e-01 4.8300e-02 2.0100e+03
nan 1.0100e+00 2.0130e+03
nan 7.1000e-01 2.0130e+03
6.6000e-01 7.2600e-02 2.0130e+03
2.5000e-02 7.2600e-02 2.0150e+03
1.2600e-02 5.3000e-02 2.0140e+03
nan nan 2.0140e+03
2.5000e-01 1.4300e-01 2.0100e+03
1.7000e-01 2.2900e-01 2.0100e+03
2.2000e-02 2.7100e-02 2.0100e+03
5.0000e+00 1.5760e+00 2.0150e+03
1.1800e+01 2.0300e+00 2.0160e+03
1.9503e-02 7.8770e-01 2.0140e+03
1.8000e+01 2.2000e+00 2.0180e+03
3.2830e+00 3.4200e-01 2.0190e+03
7.0000e+00 5.1000e+00 2.0180e+03
4.5700e+00 1.0800e+00 2.0180e+03
2.2000e+00 3.5000e+00 2.0190e+03
1.5490e+01 8.3000e-01 2.0180e+03
3.9300e+00 2.6300e+00 2.0200e+03
2.6300e+00 3.6400e+00 2.0200e+03
1.0698e-01 3.4500e+00 2.0180e+03
2.0000e+00 1.8000e+00 2.0190e+03
7.1000e-01 1.6000e+00 2.0190e+03
2.3880e-02 4.2700e+00 2.0200e+03
1.9000e-01 6.2000e-01 2.0200e+03
4.4200e+00 6.0300e+00 2.0200e+03
3.4800e-01 7.6300e-01 2.0190e+03
3.2340e-02 3.3100e+00 2.0200e+03
1.2500e+00 2.1500e+00 2.0200e+03
1.4500e+00 3.8200e-01 2.0140e+03
4.8700e+00 3.0340e-01 2.0140e+03
1.1000e+00 1.5400e-01 2.0150e+03
2.2000e+01 4.2000e+00 2.0170e+03
3.2300e+00 4.4400e-02 2.0110e+03
5.5264e-03 9.8000e-02 2.0130e+03
7.6000e-01 1.5290e-01 2.0130e+03
2.5000e+00 3.7000e-01 2.0150e+03
7.3000e+00 1.6800e+00 2.0120e+03
2.8320e-02 1.1229e-01 2.0190e+03
1.4470e-02 1.4728e-01 2.0190e+03
5.9500e-01 3.5850e-02 2.0140e+03
1.4000e-03 4.8000e-03 2.0120e+03
2.5000e-01 4.6400e-02 2.0140e+03
1.8000e-01 6.7000e-02 2.0150e+03
2.9000e-01 9.1000e-02 2.0140e+03
3.4000e-01 4.1400e-02 2.0140e+03
2.8200e+00 6.7900e-02 2.0120e+03
nan 3.6900e-01 2.0130e+03
nan 2.2800e-01 2.0130e+03
nan 1.1800e-01 2.0130e+03
nan 1.8400e-01 2.0130e+03
1.5200e+00 2.7205e+00 2.0150e+03
6.1970e-03 9.1000e-02 2.0140e+03
2.0130e-03 1.2800e-01 2.0140e+03
2.0800e-04 7.5000e-02 2.0140e+03
3.2500e+00 4.9880e-01 2.0150e+03
1.9100e+01 1.6200e-01 2.0110e+03
2.2000e+00 8.0000e-02 2.0100e+03
1.4000e-03 6.0000e-03 2.0110e+03
2.1000e-03 7.6000e-03 2.0110e+03
8.4000e-01 9.4800e-02 2.0120e+03
3.5546e-02 1.8000e-01 2.0120e+03
2.0132e+00 3.0000e-01 2.0120e+03
7.2666e-02 5.0000e-01 2.0120e+03
1.2700e+00 4.3300e-02 2.0140e+03
1.0900e+00 2.6900e-02 2.0180e+03
1.4470e-02 2.0910e-02 2.0200e+03
3.1800e-03 2.2820e-02 2.0190e+03
7.6100e-03 3.1700e-02 2.0190e+03
7.2700e-03 5.0600e-02 2.0190e+03
5.6900e-03 2.6750e-02 2.0180e+03
2.1960e-02 9.3600e-02 2.0170e+03
2.7370e-02 4.0400e-02 2.0200e+03
5.0000e-01 1.4700e+01 2.0150e+03
5.0000e-01 1.8600e+01 2.0110e+03
5.0000e-01 2.4700e+01 2.0150e+03
9.6910e-02 4.1700e-02 2.0200e+03
4.1850e-02 8.7600e-02 2.0190e+03
6.9200e-03 3.8070e-02 2.0190e+03
8.2400e-03 1.2110e-02 2.0200e+03
2.7060e-02 7.6730e-02 2.0200e+03
9.2250e-02 1.6790e-02 2.0200e+03
8.1000e-01 4.6400e-02 2.0070e+03
3.7000e+00 4.3000e-02 2.0170e+03
3.1000e+00 4.7000e-02 2.0200e+03
8.3000e-01 6.5000e+00 2.0080e+03
4.1000e+00 3.3000e+00 2.0130e+03
3.2720e-02 3.2000e+00 2.0110e+03
2.6000e+00 1.8000e+00 2.0100e+03
1.5000e+00 2.0000e+00 2.0120e+03
5.3490e-02 9.5000e-01 2.0140e+03
5.6630e-02 6.9000e-01 2.0180e+03
2.1080e-02 9.0000e-01 2.0170e+03
1.0603e-01 2.4000e-01 2.0180e+03
6.2000e-01 9.5000e-01 2.0180e+03
3.7000e+00 8.3000e+00 2.0120e+03
6.0000e-01 4.8000e-01 2.0190e+03
1.6760e+00 1.5000e+00 2.0000e+03
3.3210e-02 9.0940e-02 2.0040e+03
5.2190e-01 9.2100e-01 2.0040e+03
1.8140e+00 5.2350e+00 2.0060e+03
2.4000e+00 1.1000e+00 2.0140e+03
1.0600e+01 2.1000e+00 2.0070e+03
1.9800e+01 2.3800e+00 2.0070e+03
2.1620e+00 1.4300e-02 2.0190e+03
3.4400e-01 2.0100e-01 2.0200e+03
2.0800e-01 7.5700e-02 2.0200e+03
4.8400e+00 5.4900e-02 2.0210e+03
9.2000e-02 4.0300e-02 2.0210e+03
8.1200e-01 3.2600e-02 2.0170e+03
7.4000e-01 6.3000e-02 2.0180e+03
6.4799e-02 1.9000e-02 2.0180e+03
2.2900e-01 3.8200e-02 2.0190e+03
1.3390e+00 1.6770e-02 2.0190e+03
9.3000e-01 3.5000e-02 2.0190e+03
2.9000e+00 5.8000e-02 2.0190e+03
6.9600e+00 5.3890e+00 2.0100e+03
1.7400e+00 3.3580e+00 2.0090e+03
1.4150e+01 3.1200e+00 2.0190e+03
2.1000e+00 1.2726e+00 2.0090e+03
2.2206e+01 1.7900e+00 2.0120e+03
2.4662e+01 5.9310e+00 2.0120e+03
7.2700e-01 2.3000e+00 2.0080e+03
2.7100e-01 4.5000e+00 2.0080e+03
4.6000e+00 1.7000e+00 2.0080e+03
1.9000e-01 8.0000e+00 2.0180e+03
1.6700e-01 4.4300e+00 2.0200e+03
9.5100e+00 3.9000e-01 2.0190e+03
3.0900e+00 4.4000e+00 2.0160e+03
2.5400e+00 2.0700e+00 2.0190e+03
5.6320e-02 2.6200e+00 2.0190e+03
4.3300e-01 8.5000e-01 2.0200e+03
4.3000e-01 1.7000e+00 2.0190e+03
1.3380e+01 2.1700e+00 2.0170e+03
7.9000e-01 3.4000e+00 2.0200e+03
4.1000e-01 3.5000e+00 2.0200e+03
5.1000e-01 4.0600e+00 2.0200e+03
1.1280e+01 3.0400e+00 2.0200e+03
4.3830e-02 9.7000e-01 2.0190e+03
1.2460e-02 6.3000e-01 2.0200e+03
4.8000e+00 6.1000e+00 2.0190e+03
1.8000e+00 1.8000e+00 2.0190e+03
2.8000e+00 8.0000e-01 2.0190e+03
6.7000e-01 4.5100e+00 2.0200e+03
4.4000e+00 2.8000e+00 2.0200e+03
4.3400e+00 3.0800e-02 2.0070e+03
6.8000e-01 4.5160e-02 2.0040e+03
5.4000e-01 4.7000e-02 2.0040e+03
1.2600e+00 2.2880e-02 2.0040e+03
1.1700e+00 3.0000e-02 2.0040e+03
1.0600e+00 5.1000e-02 2.0070e+03
7.5000e-01 5.1000e-02 2.0070e+03
1.3000e+00 2.2500e-02 2.0020e+03
1.7000e+00 1.1000e+00 2.0130e+03
1.5000e+00 8.3000e-01 2.0120e+03
4.1000e+00 3.9000e+00 2.0120e+03
2.0000e+00 3.4000e+01 2.0190e+03
3.0000e+00 2.0000e+01 2.0180e+03
nan 8.2800e-01 2.0130e+03
2.3100e+00 3.7340e-02 2.0130e+03
1.8800e+00 3.1760e-02 2.0120e+03
7.7900e+00 5.5000e+00 2.0160e+03
1.5300e+00 4.4300e+00 2.0150e+03
6.2900e-05 1.9000e-01 1.9920e+03
1.3500e-02 3.6000e-01 1.9920e+03
1.2300e-02 4.6000e-01 1.9920e+03
6.2000e-03 1.0260e+01 2.0170e+03
1.7000e+00 2.0000e+01 1.9940e+03
1.2100e+00 4.4200e-03 2.0110e+03
7.9490e-01 1.0200e-02 2.0170e+03
nan 8.0000e-03 2.0120e+03
7.3600e-01 2.8600e-02 2.0190e+03
1.3300e+00 2.3430e-02 2.0100e+03
2.4870e+00 2.1490e-02 2.0110e+03
4.3100e+00 3.7830e-02 2.0160e+03
5.8500e+00 2.8610e-02 2.0160e+03
4.3200e+00 4.1270e-02 2.0160e+03
6.6800e-01 4.2300e-02 2.0170e+03
1.8800e+00 3.5200e-02 2.0190e+03
3.7100e-01 4.7400e-02 2.0190e+03
1.1900e+00 2.3400e-02 2.0190e+03
1.0449e+00 2.1960e-01 1.9970e+03
7.8700e-02 4.1230e-01 2.0160e+03
4.4050e-03 4.9600e-02 2.0170e+03
4.2000e+00 5.3000e+00 2.0120e+03
9.7000e+00 3.0000e-02 2.0060e+03
nan 5.5000e-02 2.0060e+03
1.7300e+00 9.7500e-02 2.0170e+03
6.1300e+00 4.9000e-02 1.9960e+03
6.2900e-03 1.0500e-01 2.0120e+03
9.7500e-03 1.9500e-01 2.0120e+03
1.1300e-02 3.7400e-01 2.0120e+03
1.2400e-02 5.3800e-01 2.0120e+03
1.2400e-02 1.3340e+00 2.0120e+03
5.7600e-03 2.4300e-01 2.0170e+03
2.0600e+01 1.1700e+00 2.0040e+03
1.9420e+00 1.2070e-01 2.0200e+03
9.7400e-01 7.0980e-02 2.0200e+03
2.7700e-02 3.9200e-02 2.0200e+03
2.1740e-02 3.8450e-02 2.0200e+03
4.4100e-01 4.0700e-02 2.0210e+03
2.9890e-02 5.1860e-02 2.0190e+03
2.0860e-02 8.1400e-02 2.0190e+03
4.2790e-02 1.3700e-01 2.0200e+03
4.2480e-02 7.3600e-02 2.0200e+03
6.9200e-03 1.0580e-01 2.0200e+03
7.0480e-02 2.6000e-02 2.0200e+03
2.3700e+00 6.2600e-02 2.0210e+03
1.0383e-01 4.6070e-01 2.0200e+03
8.4700e-01 9.0300e-02 2.0210e+03
2.5100e+00 7.0370e-02 2.0190e+03
1.1800e+00 3.1380e-02 2.0200e+03
9.9000e-01 6.8640e-02 2.0210e+03
1.2200e+00 5.8000e-02 2.0190e+03
7.9100e-01 3.5240e-02 2.0200e+03
8.4260e-02 3.9100e-02 2.0200e+03
5.4200e+00 9.1400e-02 2.0190e+03
6.6000e-01 1.5870e-01 2.0200e+03
9.4390e-02 1.2930e-01 2.0190e+03
6.2927e-01 2.0690e-01 2.0190e+03
9.0000e-03 3.4100e-02 2.0200e+03
nan 5.7410e-02 2.0200e+03
2.2560e-02 5.6000e-02 2.0200e+03
5.1660e-02 1.1890e-01 2.0200e+03
1.5300e+00 9.7000e-02 2.0200e+03
5.0000e-03 1.0550e-02 2.0200e+03
1.6990e-02 8.8090e-02 2.0200e+03
3.7600e-02 1.5690e-01 2.0200e+03
5.0340e-02 3.2740e-01 2.0200e+03
9.4400e-03 1.1740e-01 2.0200e+03
6.3300e+00 4.8600e-02 2.0210e+03
8.8000e-01 6.6080e-02 2.0210e+03
1.2360e+00 1.0380e-01 2.0190e+03
3.0800e-02 6.0000e-02 2.0200e+03
2.9320e-02 1.0110e-01 2.0200e+03
1.2590e-02 6.5200e-02 2.0200e+03
1.6680e-02 1.0000e-01 2.0200e+03
5.8100e-02 2.1770e-02 2.0200e+03
1.2299e-01 1.5980e-02 2.0200e+03
9.5000e-01 9.2000e-02 2.0200e+03
nan 8.8000e-02 2.0200e+03
1.7400e-01 4.9630e-02 2.0200e+03
3.2000e-03 1.1548e-02 2.0160e+03
3.6370e-03 1.5815e-02 2.0160e+03
9.3400e-04 2.2280e-02 2.0170e+03
2.4290e-03 2.9283e-02 2.0170e+03
2.9390e-03 3.8534e-02 2.0170e+03
3.6120e-03 4.6877e-02 2.0170e+03
1.0410e-03 6.1935e-02 2.0170e+03
7.6100e-01 3.9300e-02 2.0040e+03
1.2530e+00 3.5560e-02 2.0060e+03
1.9100e+00 2.2600e-02 2.0070e+03
4.9400e-01 5.1600e-02 2.0070e+03
1.7780e+00 2.4460e-02 2.0110e+03
2.5000e+00 6.9000e-01 2.0140e+03
1.0000e+01 1.3700e+00 2.0140e+03
3.4200e+00 1.4140e+00 2.0180e+03
5.4000e+00 2.1000e-01 2.0160e+03
1.0780e+01 4.2200e-01 2.0170e+03
1.4000e+01 1.6200e+02 2.0200e+03
6.0000e+00 3.2000e+02 2.0200e+03
1.7800e+00 5.9408e-02 1.9960e+03
1.0780e+01 8.3158e-01 1.9990e+03
8.8600e+00 2.5335e+00 1.9990e+03
1.0590e+00 5.2456e+00 2.0100e+03
1.5000e+01 3.5000e+03 2.0190e+03
1.6000e+01 2.8800e+03 2.0190e+03
7.7000e+00 2.8000e+00 2.0110e+03
3.2000e+00 1.7000e+00 2.0070e+03
1.4000e+00 6.5000e-02 2.0150e+03
2.0300e+00 4.5700e-02 2.0130e+03
5.0000e-01 5.0600e-02 2.0130e+03
6.2400e-01 4.0100e-02 2.0160e+03
1.4900e+00 1.9850e-02 2.0140e+03
1.2720e+00 2.9180e-02 2.0140e+03
1.8000e+00 7.5000e-02 2.0170e+03
1.9250e+00 9.1700e-02 2.0140e+03
8.9200e-01 3.9700e-02 2.0140e+03
9.1000e-01 4.6300e-02 2.0140e+03
3.0600e+00 3.7100e-02 2.0080e+03
5.1000e-01 4.5700e-02 2.0140e+03
1.8300e+00 3.9140e-02 2.0140e+03
8.8000e-01 3.8200e-02 2.0140e+03
4.7500e-01 5.8850e-02 2.0160e+03
1.7690e+00 2.8510e-02 2.0160e+03
2.7550e-01 9.4590e-02 2.0140e+03
5.1400e-01 5.4530e-02 2.0160e+03
1.2300e+00 3.6300e-02 2.0160e+03
4.6000e-01 4.3900e-02 2.0080e+03
5.0100e+00 5.2200e-02 2.0150e+03
1.1830e+00 2.5440e-02 2.0150e+03
1.3720e+00 3.1070e-02 2.0150e+03
9.2000e-01 4.3100e-02 2.0150e+03
6.0000e-01 4.4900e-02 2.0160e+03
1.8000e-01 5.2000e-02 2.0160e+03
1.0000e+00 6.2800e-02 2.0160e+03
1.4040e+00 2.2930e-02 2.0080e+03
1.2300e+00 1.0120e-01 2.0160e+03
2.7000e-01 6.0700e-02 2.0160e+03
4.1000e-01 6.7000e-02 2.0160e+03
1.1600e+00 3.4500e-02 2.0160e+03
1.9000e+00 2.4300e-02 2.0150e+03
1.5100e+00 6.6100e-02 2.0160e+03
1.2200e+00 4.9400e-02 2.0160e+03
1.1700e-01 6.2000e-02 2.0160e+03
5.0000e-01 5.3790e-02 2.0080e+03
2.4400e+00 3.2300e-02 2.0160e+03
2.6900e+00 4.6900e-02 2.0160e+03
8.4000e-01 3.4700e-02 2.0160e+03
4.4000e-01 3.1600e-02 2.0180e+03
7.6000e-01 2.6100e-02 2.0180e+03
2.7500e-01 5.4900e-02 2.0180e+03
2.9100e-01 8.4500e-02 2.0200e+03
4.0000e-01 2.1010e-01 2.0200e+03
7.3410e+00 3.6000e-02 2.0080e+03
8.4600e+00 6.9400e-02 2.0200e+03
3.1000e-01 5.5000e-02 2.0170e+03
3.9000e-01 4.8000e-02 2.0170e+03
1.2800e-01 4.5300e-02 2.0170e+03
2.7900e+00 5.1700e-02 2.0180e+03
5.5000e-01 5.3800e-02 2.0180e+03
5.4200e-01 4.9900e-02 2.0080e+03
2.7800e-01 4.5200e-02 2.0180e+03
2.4900e+00 6.7300e-02 2.0180e+03
5.2000e+00 8.7100e-02 2.0180e+03
1.8700e+00 2.6600e-02 2.0180e+03
2.1300e+00 2.8180e-02 2.0180e+03
6.5800e-01 4.8230e-02 2.0180e+03
1.0100e-01 6.4100e-02 2.0190e+03
8.0000e+00 3.6500e-02 2.0170e+03
4.2000e-01 5.1900e-02 2.0180e+03
5.6100e-01 6.8100e-02 2.0190e+03
8.5500e-01 4.2100e-02 2.0090e+03
1.6000e+00 3.3700e-02 2.0180e+03
1.0840e+00 5.0400e-02 2.0190e+03
4.7000e-01 6.9400e-02 2.0180e+03
3.6900e+00 2.4800e-02 2.0180e+03
1.3000e+00 5.5900e-02 2.0180e+03
9.9000e-01 4.4030e-02 2.0190e+03
8.5500e-01 5.3500e-02 2.0200e+03
5.0800e-01 3.9570e-02 2.0190e+03
1.6600e+00 5.5800e-02 2.0190e+03
4.8600e-01 5.1500e-02 2.0090e+03
9.0000e-01 4.8000e-02 2.0190e+03
2.9900e-01 5.4270e-02 2.0190e+03
1.4800e-01 4.5100e-02 2.0190e+03
5.0200e-01 4.6320e-02 2.0190e+03
5.7000e-01 6.2700e-02 2.0190e+03
9.8000e-01 9.0400e-02 2.0190e+03
4.2200e+00 6.0000e-02 2.0200e+03
8.0000e-01 6.5300e-02 2.0200e+03
1.8600e+00 4.7700e-02 2.0180e+03
1.0430e+01 2.0000e-02 2.0090e+03
1.7368e-01 3.5000e-02 2.0190e+03
1.0000e+00 6.6300e-02 2.0190e+03
2.3000e+00 4.0800e-02 2.0190e+03
1.1680e+00 1.6550e-02 2.0090e+03
8.5400e-01 3.8890e-02 2.0060e+03
3.1300e-01 6.0030e-02 2.0110e+03
2.7600e-01 4.9900e-02 2.0100e+03
5.8800e-01 4.6980e-02 2.0100e+03
8.8400e-01 3.7600e-02 2.0100e+03
1.0320e+00 3.5900e-02 2.0100e+03
5.8000e-01 4.7400e-02 2.0100e+03
1.0280e+00 3.9850e-02 2.0100e+03
9.0700e-01 4.4690e-02 2.0100e+03
2.4400e-01 4.5700e-02 2.0100e+03
9.3100e-01 3.1440e-02 2.0070e+03
4.7800e-01 4.6570e-02 2.0100e+03
3.6000e+00 3.9400e-02 2.0100e+03
2.0930e+00 2.3900e-02 2.0100e+03
5.9000e-01 5.2400e-02 2.0100e+03
1.4960e+01 1.4960e+01 2.0140e+03
7.2000e-01 4.3170e-02 2.0110e+03
2.2790e+00 2.6240e-02 2.0100e+03
1.6960e+00 4.3390e-02 2.0100e+03
2.7100e+00 7.5800e-02 2.0100e+03
2.8000e-01 4.8600e-02 2.0110e+03
2.0600e+00 3.1300e-02 2.0070e+03
9.4000e-01 4.0000e-02 2.0100e+03
3.1800e+00 1.0700e+00 2.0150e+03
5.0000e-01 5.4800e-02 2.0110e+03
2.0340e+00 1.5260e-02 2.0110e+03
8.7000e-01 3.4530e-02 2.0110e+03
9.6400e-01 3.9630e-02 2.0110e+03
1.9100e+00 2.3350e-02 2.0110e+03
1.1640e+00 5.1000e-02 2.0110e+03
3.8400e-02 1.7000e-02 2.0150e+03
3.2800e-02 8.8000e-02 2.0150e+03
1.2400e+00 1.3600e+00 2.0150e+03
9.8000e-01 3.4440e-02 2.0110e+03
3.7800e-01 3.7900e-02 2.0110e+03
1.1860e+00 2.2600e-02 2.0070e+03
1.4700e+00 2.9450e-02 2.0110e+03
2.1320e+00 4.1010e-02 2.0170e+03
1.6350e+01 3.7300e+00 2.0170e+03
6.3600e-01 4.9870e-02 2.0110e+03
5.7000e-01 5.3300e-02 2.0110e+03
5.7100e-01 5.4580e-02 2.0110e+03
6.7200e-01 3.8600e-02 2.0110e+03
8.9000e-01 5.6100e-02 2.0110e+03
8.6300e-01 6.9700e-02 2.0110e+03
1.6370e+00 2.7290e-02 2.0070e+03
5.1400e-01 5.3100e-02 2.0110e+03
2.0600e+00 5.1400e-02 2.0110e+03
5.7000e-01 5.6700e-02 2.0110e+03
3.8000e-01 5.7400e-02 2.0110e+03
1.2710e+00 2.6480e-02 2.0110e+03
1.5500e+00 3.3400e-02 2.0110e+03
2.3200e+00 5.4600e-02 2.0110e+03
4.2000e-01 5.1700e-02 2.0110e+03
9.5000e-01 6.2060e-02 2.0110e+03
2.6000e-01 4.5250e-02 2.0110e+03
5.0300e-01 4.2100e-02 2.0080e+03
5.9000e-01 4.8530e-02 2.0110e+03
2.2420e+00 4.6310e-02 2.0120e+03
1.4100e+00 3.6550e-02 2.0120e+03
1.8800e+00 5.5120e-02 2.0130e+03
9.5000e-01 3.7000e-02 2.0140e+03
1.0700e+00 3.7500e-02 2.0130e+03
9.2000e-01 3.3000e-02 2.0130e+03
1.7600e+00 2.4000e-02 2.0120e+03
1.1600e+00 4.1500e-02 2.0120e+03
9.0000e-01 3.6200e-02 2.0120e+03
9.6000e-01 6.1700e-02 2.0080e+03
5.5400e-01 3.4600e-02 2.0130e+03
7.2900e-01 3.9080e-02 2.0160e+03
5.6600e+01 2.4260e+00 2.0160e+03
1.2400e+00 4.4700e-02 2.0130e+03
3.0000e-01 5.9000e-02 2.0140e+03
7.0000e-01 7.7500e-02 2.0130e+03
1.2650e+00 3.9000e-02 2.0140e+03
2.1800e+00 2.9460e-02 2.0140e+03
5.6000e-01 6.4310e-02 2.0130e+03
5.9000e+00 4.2700e-02 2.0140e+03
2.2400e+00 8.0100e-02 2.0080e+03
9.4500e+00 5.2800e+00 2.0140e+03
6.3000e-01 5.6200e-02 2.0130e+03
1.3400e+00 3.7000e-02 2.0170e+03
8.0500e-01 3.4800e-02 2.0160e+03
1.4700e+00 4.2110e-02 2.0160e+03
4.5200e-01 5.5000e-02 2.0140e+03
6.1800e-01 3.3500e-02 2.0140e+03
1.1300e+00 3.4160e-02 2.0130e+03
4.8000e-01 4.5300e-02 2.0130e+03
1.3200e+00 3.3030e-02 2.0130e+03
8.3000e-01 3.6000e-02 2.0130e+03
2.7800e+00 7.1700e-02 2.0130e+03
1.3800e+01 2.0400e-02 2.0200e+03
5.9200e-01 2.8200e-02 2.0200e+03
7.3100e-01 2.3400e-02 2.0200e+03
4.2800e-03 3.5509e-02 2.0150e+03
1.3400e-02 8.4270e-02 2.0150e+03
1.6400e-02 2.0390e-01 2.0150e+03
4.0100e+00 4.7000e-02 2.0120e+03
1.1200e+00 1.8550e-02 2.0140e+03
2.8000e+00 6.8000e-01 2.0080e+03
9.0000e-01 4.8800e-02 2.0060e+03
2.5900e-01 1.3440e-01 2.0140e+03
1.3700e+00 4.7560e-01 2.0140e+03
5.9700e-01 3.6730e-02 2.0070e+03
1.1790e+01 4.5400e-02 2.0070e+03
1.6150e+00 5.4850e-02 2.0080e+03
1.0770e+00 4.8700e-02 2.0080e+03
1.9000e+00 8.1500e-02 2.0160e+03
7.0900e-01 4.4210e-02 2.0190e+03
2.3600e-03 1.5570e-02 2.0170e+03
3.0800e-03 2.0900e-02 2.0170e+03
3.5900e-03 2.7640e-02 2.0170e+03
